% Case saved by PowerWorld Simulator, version 21, build date April 14, 2020
% Case Information Header = 2 lines
% WECC 240 SYSTEM, V0.2,  MODIFIED BY NREL, INTERNAL USE ONLY
% CONTACT: HAOYU.YUAN@NREL.GOV
function mpc = WECC240_HS_2018_Basecase
mpc.version = '2';
mpc.baseMVA =  100.00;

%% bus data 
mpc.bus = [
1001	1	0.00	0.00	0.00	0.00	2	1.0354562	10.768663	500.00	2	1.100	0.900
1002	1	273.77	-45.22	0.00	0.00	2	1.0139999	13.031554	345.00	2	1.100	0.900
1003	1	2330.22	396.99	0.00	0.00	2	0.9685013	3.607671	230.00	2	1.100	0.900
1004	1	1584.97	8.43	0.00	0.00	2	1.0300000	16.975303	345.00	27	1.100	0.900
1032	2	0.00	0.00	0.00	0.00	2	1.0130570	13.564372	20.00	2	1.100	0.900
1034	2	0.00	0.00	0.00	0.00	2	1.0302341	17.856580	20.00	27	1.100	0.900
1101	1	2267.20	-68.63	0.00	0.00	2	1.0100000	13.059341	500.00	33	1.100	0.900
1102	1	220.13	28.70	0.00	0.00	2	1.0212196	12.516428	345.00	2	1.100	0.900
1131	2	0.00	0.00	0.00	0.00	2	1.0089204	14.803214	20.00	33	1.100	0.900
1201	1	188.44	-2.27	0.00	0.00	2	1.0928267	0.798886	500.00	2	1.100	0.900
1202	1	992.18	325.36	0.00	0.00	2	1.0801765	3.283098	500.00	2	1.100	0.900
1232	3	0.00	0.00	0.00	0.00	2	1.0800000	3.963700	20.00	33	1.100	0.900
1301	1	2199.59	286.93	0.00	0.00	2	1.0450000	-3.443003	500.00	39	1.100	0.900
1302	1	14.30	1.88	0.00	0.00	1	1.0336530	2.499202	500.00	21	1.100	0.900
1303	1	5192.91	677.40	0.00	0.00	1	1.0050000	4.209630	345.00	21	1.100	0.900
1331	2	0.00	0.00	0.00	0.00	2	1.0451902	-2.793653	20.00	39	1.100	0.900
1333	2	0.00	0.00	0.00	0.00	1	1.0064571	5.759118	20.00	21	1.100	0.900
1401	1	6362.29	1484.18	0.00	0.00	2	1.0349999	-9.486087	500.00	33	1.100	0.900
1402	1	4312.15	-482.24	0.00	0.00	2	1.0602562	-12.783776	500.00	2	1.100	0.900
1403	1	0.00	0.00	0.00	0.00	2	1.0354581	-9.202603	230.00	39	1.100	0.900
1431	2	0.00	0.00	0.00	0.00	2	1.0448992	-8.432496	20.00	2	1.100	0.900
2000	1	2233.25	291.32	0.00	0.00	3	1.0000000	2.072575	230.00	8	1.100	0.900
2030	2	0.00	0.00	0.00	0.00	3	1.0015088	2.884672	20.00	8	1.100	0.900
2100	1	964.09	188.02	0.00	0.00	2	1.0350000	-7.729199	230.00	18	1.100	0.900
2130	2	0.00	0.00	0.00	0.00	2	1.0363097	-7.276774	20.00	18	1.100	0.900
2201	1	0.00	0.00	0.00	0.00	3	0.9904308	-10.297155	500.00	32	1.100	0.900
2202	1	1730.63	300.65	0.00	0.00	3	0.9844700	-10.888028	230.00	32	1.100	0.900
2203	1	1872.72	305.01	0.00	0.00	3	1.0050000	-3.486608	230.00	32	1.100	0.900
2233	2	0.00	0.00	0.00	0.00	3	1.0067066	-2.465803	20.00	25	1.100	0.900
2301	1	0.00	0.00	0.00	0.00	3	1.0363424	-4.754189	500.00	32	1.100	0.900
2302	1	0.00	0.00	0.00	0.00	3	1.0350000	-3.815437	230.00	32	1.100	0.900
2332	2	0.00	0.00	0.00	0.00	3	1.0350378	-3.651972	20.00	32	1.100	0.900
2400	1	951.96	86.54	0.00	0.00	3	1.0273366	-13.626124	500.00	30	1.100	0.900
2401	1	971.16	115.80	0.00	0.00	3	1.0498068	-2.759596	500.00	30	1.100	0.900
2402	1	1212.01	92.00	0.00	0.00	3	1.0306690	-6.624347	500.00	30	1.100	0.900
2403	1	1187.26	43.58	0.00	0.00	3	1.0219339	-14.096575	500.00	30	1.100	0.900
2404	1	0.00	0.00	0.00	0.00	3	1.0371526	2.074727	500.00	30	1.100	0.900
2405	1	942.62	26.18	0.00	0.00	3	0.9871417	-3.173670	230.00	20	1.100	0.900
2406	1	846.20	-46.76	0.00	0.00	3	0.9948726	-0.777324	230.00	30	1.100	0.900
2407	1	1267.21	-43.59	0.00	0.00	3	1.0304025	7.078887	230.00	30	1.100	0.900
2408	1	3000.00	-83.15	0.00	0.00	3	1.0499999	15.660575	230.00	30	1.100	0.900
2409	1	1814.23	-98.20	0.00	0.00	3	1.0200000	-6.555967	230.00	30	1.100	0.900
2410	1	1811.82	66.86	0.00	0.00	3	0.9855211	-6.524379	230.00	30	1.100	0.900
2411	1	1231.62	86.01	0.00	0.00	3	1.0201021	0.638646	230.00	30	1.100	0.900
2431	2	0.00	0.00	0.00	0.00	3	1.0499999	-2.725027	20.00	30	1.100	0.900
2434	2	0.00	0.00	0.00	0.00	3	1.0200000	0.669834	20.00	30	1.100	0.900
2438	2	0.00	0.00	0.00	0.00	3	1.0561446	18.050798	20.00	30	1.100	0.900
2439	2	0.00	0.00	0.00	0.00	3	1.0198886	-6.515294	20.00	30	1.100	0.900
2501	1	0.00	0.00	0.00	0.00	3	1.0234739	-8.519491	500.00	30	1.100	0.900
2502	1	2000.06	-103.97	0.00	0.00	3	1.0182841	-8.998719	230.00	30	1.100	0.900
2503	1	2113.55	231.28	0.00	0.00	3	1.0089999	-10.393849	230.00	30	1.100	0.900
2533	2	0.00	0.00	0.00	0.00	3	1.0109267	-10.138884	20.00	30	1.100	0.900
2600	1	-1915.31	0.00	0.00	0.00	3	1.0464994	0.615113	500.00	20	1.100	0.900
2601	1	0.00	0.00	0.00	0.00	3	1.0312017	-0.882244	500.00	20	1.100	0.900
2602	1	155.16	20.25	0.00	0.00	3	0.9893537	-0.816476	500.00	20	1.100	0.900
2603	1	0.00	0.00	0.00	0.00	3	1.0486863	-0.044079	500.00	20	1.100	0.900
2604	1	1975.49	0.00	0.00	0.00	3	1.0300000	10.414232	345.00	20	1.100	0.900
2605	1	0.00	0.00	0.00	0.00	3	0.9824207	3.233921	287.00	20	1.100	0.900
2606	1	0.00	0.00	0.00	0.00	3	0.9824207	3.233921	287.00	20	1.100	0.900
2607	1	0.00	0.00	0.00	0.00	3	1.0277138	0.989185	287.00	20	1.100	0.900
2608	1	156.05	20.36	0.00	0.00	3	0.9976376	-2.552571	230.00	20	1.100	0.900
2609	1	214.12	42.82	0.00	0.00	3	0.9521214	1.764152	230.00	20	1.100	0.900
2610	1	157.76	20.59	0.00	0.00	3	1.0040000	27.783488	230.00	20	1.100	0.900
2611	1	156.05	20.36	0.00	0.00	3	0.9950740	-2.898260	230.00	20	1.100	0.900
2612	1	189.09	39.07	0.00	0.00	3	0.9866075	-2.727364	230.00	20	1.100	0.900
2613	1	510.04	103.60	0.00	0.00	3	0.9450929	8.352296	230.00	20	1.100	0.900
2614	1	218.31	44.29	0.00	0.00	3	0.9545360	5.537277	230.00	20	1.100	0.900
2615	1	1273.94	208.33	0.00	0.00	3	0.9636723	-0.869065	230.00	20	1.100	0.900
2616	1	186.11	38.18	0.00	0.00	3	0.9474899	7.769426	230.00	20	1.100	0.900
2617	1	192.29	39.73	0.00	0.00	3	0.9485025	4.466923	230.00	20	1.100	0.900
2618	1	1391.03	-9.71	0.00	0.00	3	0.9821176	-4.619662	230.00	20	1.100	0.900
2619	1	-2721.55	0.00	0.00	0.00	3	0.9873737	-1.994366	230.00	20	1.100	0.900
2620	1	322.20	27.63	0.00	0.00	3	0.9756818	-2.746382	230.00	20	1.100	0.900
2621	1	371.22	-98.91	0.00	0.00	3	0.9707575	3.636006	138.00	20	1.100	0.900
2630	2	0.00	0.00	0.00	0.00	3	1.0095705	28.899043	20.00	20	1.100	0.900
2631	2	0.00	0.00	0.00	0.00	2	0.9961181	-2.874146	20.00	33	1.100	0.900
2634	2	0.00	0.00	0.00	0.00	3	1.0297484	10.851260	20.00	20	1.100	0.900
2637	2	0.00	0.00	0.00	0.00	3	0.9867838	-2.712522	20.00	20	1.100	0.900
2638	2	0.00	0.00	0.00	0.00	3	0.9981381	-2.484684	20.00	20	1.100	0.900
2901	1	0.00	0.00	0.00	0.00	3	1.1084188	-0.955282	500.00	30	1.100	0.900
2902	1	0.00	0.00	0.00	0.00	3	1.1182652	-1.582435	500.00	30	1.100	0.900
3101	1	388.54	60.14	0.00	0.00	3	0.9734965	3.556419	230.00	25	1.100	0.900
3102	1	180.56	28.23	0.00	0.00	3	0.9796376	5.020500	230.00	25	1.100	0.900
3103	1	471.36	67.15	0.00	0.00	3	0.9876447	7.674077	230.00	25	1.100	0.900
3104	1	351.29	45.48	0.00	0.00	3	0.9784418	2.942091	115.00	25	1.100	0.900
3105	1	266.86	54.74	0.00	0.00	3	1.0000000	6.844989	115.00	25	1.100	0.900
3133	2	0.00	0.00	0.00	0.00	3	0.9877702	7.692283	20.00	32	1.100	0.900
3135	2	0.00	0.00	0.00	0.00	3	1.0005239	6.989230	20.00	25	1.100	0.900
3201	1	516.90	109.36	0.00	0.00	3	0.9968708	5.560956	230.00	25	1.100	0.900
3202	1	655.39	93.33	0.00	0.00	3	0.9947088	7.011960	230.00	25	1.100	0.900
3203	1	601.89	145.16	0.00	0.00	3	0.9958986	6.490225	230.00	25	1.100	0.900
3204	1	738.41	105.24	0.00	0.00	3	1.0100000	14.271230	230.00	25	1.100	0.900
3205	1	609.86	86.87	0.00	0.00	3	0.9935759	10.993470	230.00	25	1.100	0.900
3234	2	0.00	0.00	0.00	0.00	3	1.0139016	16.030268	20.00	25	1.100	0.900
3301	1	0.00	0.00	0.00	0.00	3	1.0151504	2.623979	500.00	25	1.100	0.900
3302	1	392.01	97.39	0.00	0.00	3	0.9784775	2.142447	230.00	25	1.100	0.900
3303	1	697.42	168.07	0.00	0.00	3	1.0000000	3.627773	230.00	25	1.100	0.900
3304	1	601.90	138.34	0.00	0.00	3	0.9865915	2.162038	230.00	25	1.100	0.900
3305	1	482.84	68.70	0.00	0.00	3	0.9897543	6.410240	230.00	25	1.100	0.900
3333	2	0.00	0.00	0.00	0.00	3	1.0015683	4.006461	20.00	25	1.100	0.900
3401	1	648.34	158.00	0.00	0.00	3	0.9374892	-5.839845	230.00	25	1.100	0.900
3402	1	0.00	0.00	0.00	0.00	3	0.9395570	-5.853508	230.00	25	1.100	0.900
3403	1	575.38	82.06	0.00	0.00	3	1.0000000	9.030083	230.00	25	1.100	0.900
3404	1	496.08	70.23	0.00	0.00	3	0.9754562	0.823202	230.00	25	1.100	0.900
3405	1	524.15	74.40	0.00	0.00	3	0.9334336	-8.567084	230.00	25	1.100	0.900
